11
83
49
28
34
49
50
60
43
100
11
99
64
21
66
96
47
73
47
65
7
75
31
69
5
77
70
45
98
30
75
65
25
13
71
61
2
81
3
45
47
18
66
44
80
33
72
64
37
71
57
36
70
68
81
37
12
37
35
25
28
20
83
23
35
7
13
74
64
94
41
84
5
35
10
89
38
62
19
48
3
13
55
19
39
46
35
62
94
52
3
97
34
11
74
41
44
14
86
42
95
40
30
95
66
50
99
58
37
96
66
98
4
4
38
19
48
11
61
6
73
1
55
68
16
24
85
59
57
13
58
35
10
27
14
75
92
11
80
92
100
74
27
28
96
28
21
11
79
60
40
53
17
91
52
28
58
49
70
35
6
86
62
30
66
30
62
65
37
62
63
64
27
97
22
72
42
96
90
98
11
59
12
98
30
31
26
38
64
51
6
32
20
8
79
85
57
80
43
32
92
61
15
12
21
26
22
25
61
45
95
29
33
80
77
34
41
34
74
68
4
45
95
86
18
97
37
95
54
69
17
59
48
25
25
19
4
17
11
96
67
54
29
61
30
94
80
86
56
77
96
54
72
11
94
39
43
64
63
95
67
26
24
32
12
17
11
30
26
37
37
39
59
94
83
54
2
82
4
7
59
5
7
86
77
24
67
12
55
33
83
52
93
22
84
18
68
97
84
89
11
97
10
65
93
85
23
9
9
41
28
17
75
73
9
16
64
90
3
21
97
5
67
49
60
83
89
47
4
21
40
47
37
50
96
40
6
45
93
67
13
14
1
47
75
67
53
35
31
68
91
19
64
64
38
98
58
9
9
60
97
40
13
79
38
27
11
3
16
9
30
1
22
36
87
3
64
41
18
43
36
38
68
60
72
34
47
52
56
71
9
59
3
22
32
74
67
52
41
99
1
50
42
53
63
90
65
54
29
27
59
29
24
7
71
64
92
14
69
29
73
36
10
37
21
63
96
50
57
62
100
14
4
64
60
95
46
45
80
5
48
91
99
47
3
90
59
18
37
14
37
67
38
24
62
70
30
38
100
57
96
60
47
10
8
41
40
21
34
31
3
67
17
84
27
89
17
82
1
83
89
28
3
83
63
80
84
28
63
100
99
68
3
74
50
86
63
39
21
64
8
8
73
91
67
89
90
75
88
73
89
85
71
45
24
26
32
36
67
36
20
36
37
66
87
90
97
7
98
80
84
33
42
25
44
17
33
95
68
37
87
82
74
56
2
39
54
42
97
20
9
7
75
15
60
27
44
51
99
83
48
92
83
67
86
21
64
42
1
56
83
55
70
11
38
89
60
78
46
93
51
96
94
19
20
61
71
44
2
51
6
16
98
4
79
43
33
26
72
83
51
77
24
96
62
83
17
38
50
28
69
1
61
89
23
50
84
41
50
45
71
5
26
84
49
37
22
37
30
14
100
59
93
45
7
31
76
23
34
41
57
94
19
69
74
53
78
62
93
62
64
70
45
24
73
84
41
52
56
89
32
91
61
39
59
22
86
93
57
81
64
77
97
76
27
42
46
83
1
6
5
38
84
92
64
23
36
29
87
100
11
75
55
63
100
31
7
44
81
38
51
70
5
61
63
1
62
76
39
11
26
47
92
12
73
53
45
44
28
57
83
43
33
56
23
78
59
10
93
74
66
44
20
54
65
35
100
85
31
29
57
78
7
67
46
44
43
28
4
95
38
96
80
72
76
49
73
70
37
36
28
77
71
35
16
82
77
9
88
5
89
9
62
51
30
8
21
51
100
84
20
66
39
59
44
89
10
92
95
22
96
25
29
67
51
86
95
100
86
8
37
32
7
19
99
14
52
59
11
74
43
47
6
40
56
35
77
31
49
100
49
29
19
32
52
87
41
95
47
10
78
70
23
18
2
37
38
16
80
49
61
50
31
44
49
81
30
85
37
11
59
80
42
41
99
32
11
66
46
3
100
86
38
94
87
14
95
88
73
35
99
19
11
34
49
71
52
51
86
60
23
71
75
42
79
43
27
46
46
68
2
98
59
64
93
5
12
73
92
30
53
17
49
4
55
88
48
42
59
74
45
73
71
7
96
53
43
15
35
33
3
70
16
94
100
86
78
60
70
42
67
32
18
40
11
25
67
83
66
14
71
68
43
100
32
17
80
46
97
38
54
29
1
17
100
8
20
55
41
39
62
90
96
10
75
19
2
67
81
14
75
59
68
59
29
91
36
35
75
16
54
88
36
64
71
24
66
23
92
18
5
46
60
36
71
66
4
20
23
44
